REDO_AVAILABLE=0
===CURRENT===
UI
directionalityEnabled=0
weightsEnabled=0
selectedTool=2
zoom=1.0
panX=0
panY=0
GRAPH
5
0
1
2
3
4
00101
00101
11000
00001
11010
255,129
490,169
296,319
493,346
404,419
VERTEX_COLORS
0,0,0
0,0,0
0,0,0
0,0,0
0,0,0
EDGES
10
0,2,1,1,0,0,0
2,0,1,1,0,0,0
2,1,1,1,0,0,0
1,2,1,1,0,0,0
1,4,1,1,0,0,0
4,1,1,1,0,0,0
4,3,1,1,0,0,0
3,4,1,1,0,0,0
4,0,1,1,0,0,0
0,4,1,1,0,0,0
===PREVIOUS===
UI
directionalityEnabled=0
weightsEnabled=0
selectedTool=2
zoom=1.0
panX=0
panY=0
GRAPH
5
0
1
2
3
4
00100
00101
11000
00001
01010
255,129
490,169
296,319
493,346
404,419
VERTEX_COLORS
0,0,0
0,0,0
0,0,0
0,0,0
0,0,0
EDGES
8
0,2,1,1,0,0,0
2,0,1,1,0,0,0
2,1,1,1,0,0,0
1,2,1,1,0,0,0
1,4,1,1,0,0,0
4,1,1,1,0,0,0
4,3,1,1,0,0,0
3,4,1,1,0,0,0
